13
17
20
20
19
20
20
17
22
27
24
25
24
23
18
18
20
20
20
20
20
20
20
25
26
20
20
20
20
20
20
20
22
23
22
22
21
21
21
21
21
21
22
22
22
21
22
22
22
28
22
25
27
26
25
22
22
22
24
27
22
25
22
26
27
27
24
24
31
29
28
28
27
27
28
29
30
28
30
28
30
30
30
28
27
28
24
28
27
27
27
27
27
27
27
28
27
30
32
23
23
23
23
24
23
23
23
23
24
23
30
24
30
27
27
30
32
28
31
29
28
28
24
24
23
24
24
24
24
29
23
28
25
25
25
25
30
25
30
25
25
25
25
25
25
31
25
29
30
29
30
31
29
29
32
31
29
29
27
30
32
31
31
26
29
31
33
28
25
32
25
25
25
30
25
25
25
25
25
25
25
25
25
25
25
27
25
31
25
25
32
30
31
26
29
31
25
25
25
24
31
24
24
25
25
26
29
32
33
26
25
25
32
25
25
24
24
25
25
25
25
31
25
25
25
24
24
25
25
25
25
25
24
25
25
25
25
25
25
25
25
25
25
25
25
29
25
29
30
32
25
25
25
25
30
25
25
25
26
25
25
25
28
27
27
28
31
31
155
31
31
31
31
36
36
28
28
27
28
28
27
28
27
28
27
27
27
27
28
28
30
28
27
28
32
32
29
28
28
27
28
27
27
27
27
27
27
27
28
27
27
26
28
27
28
28
28
28
28
27
26
28
28
27
28
27
28
28
27
27
27
27
29
34
29
27
27
27
27
28
27
27
27
27
26
28
28
27
28
28
40
34
30
30
31
32
33
30
28
28
27
27
28
27
32
31
32
27
27
28
28
28
31
28
32
28
28
28
29
29
28
28
28
28
28
27
28
28
27
27
27
28
35
27
27
35
27
29
30
28
31
28
29
28
28
27
27
27
28
27
27
27
28
27
27
28
28
28
33
28
27
27
29
29
29
27
28
27
28
27
27
27
27
28
28
28
28
28
27
27
27
28
28
28
28
28
31
31
31
28
28
27
28
27
27
28
27
28
27
27
28
32
28
28
28
33
35
28
27
27
27
28
27
27
27
27
26
28
28
28
27
27
28
28
27
28
27
28
28
33
32
31
30
32
28
28
27
27
28
27
27
28
28
29
28
28
32
34
28
29
28
27
28
28
27
27
27
27
27
28
27
28
27
27
29
28
28
29
29
33
28
28
28
222
28
28
28
28
28
28
28
28
28
28
28
28
28
28
29
29
30
28
28
28
29
28
28
28
28
28
28
28
28
28
28
28
28
29
29
28
28
36
28
28
28
28
28
28
28
28
28
28
28
28
28
28
28
28
29
28
35
31
28
33
29
34
31
36
33
29
29
33
28
33
28
28
28
28
28
28
28
28
28
28
28
28
28
28
34
28
28
28
28
34
34
29
29
28
28
28
28
29
28
28
28
28
28
28
28
29
34
30
28
29
28
30
28
28
28
28
28
28
28
28
28
28
28
28
28
28
28
28
28
28
28
42
29
30
34
1248
29
29
28
28
32
30
30
30
28
28
29
29
35
35
34
31
33
29
28
28
28
28
28
28
28
28
29
28
32
34
32
29
28
29
29
33
33
34
35
28
28
28
28
28
28
28
29
29
29
28
33
31
36
29
28
29
28
28
31
28
28
28
28
28
28
28
28
33
28
28
35
35
35
34
29
30
29
28
28
28
28
28
28
28
28
28
28
28
28
29
36
36
29
28
29
28
28
29
29
28
28
29
34
35
34
29
28
36
28
28
28
28
28
28
28
28
28
28
28
28
34
28
28
28
28
28
29
28
31
29
28
28
38
28
28
28
28
29
30
30
29
28
28
28
28
28
28
28
29
29
29
29
28
28
28
28
29
28
34
30
35
29
28
29
28
28
29
28
28
28
28
28
28
28
35
31
31
29
28
29
29
28
28
36
35
28
30
35
29
28
28
28
28
28
28
28
28
28
28
28
28
28
28
28
28
28
28
29
28
28
30
28
28
28
30
29
28
29
29
28
37
38
29
28
28
28
29
28
28
30
29
29
37
30
28
28
28
28
32
28
33
29
28
28
28
28
28
29
28
32
34
29
34
29
29
28
28
29
28
28
40
29
29
37
30
29
28
29
29
28
28
36
37
30
36
30
28
28
28
28
28
28
28
28
28
28
29
28
28
28
28
30
29
34
28
29
28
30
33
28
28
28
53
29
30
30
28
28
28
28
28
30
32
28
29
28
29
28
28
29
28
28
29
28
28
28
28
28
28
28
