327
79
92
116
77
80
106
98
86
105
89
99
119
103
89
109
103
116
123
104
111
252
123
110
133
114
122
102
136
117
102
132
131
125
142
111
101
118
111
102
146
102
102
119
102
103
117
105
102
120
104
106
106
121
106
104
121
108
106
124
106
106
152
113
109
123
109
120
129
112
114
128
156
146
150
139
140
149
144
159
118
163
120
157
152
121
124
162
117
114
131
114
115
131
121
117
131
120
117
139
121
166
146
120
119
117
136
118
119
169
151
158
139
154
366
174
144
149
171
150
160
165
161
125
173
130
162
181
160
146
128
141
125
138
153
130
151
147
128
126
143
125
126
150
131
132
146
128
126
145
128
131
145
130
131
174
160
173
151
155
134
141
195
133
135
148
130
127
148
132
133
148
133
133
151
134
131
159
145
166
189
172
160
144
168
154
154
164
150
139
166
143
136
195
161
145
185
169
168
163
137
138
154
136
139
155
141
138
139
155
136
140
154
140
138
155
141
137
200
149
189
158
143
144
353
140
136
159
155
142
157
142
158
156
191
176
167
191
168
149
166
152
199
287
150
150
159
143
147
162
146
144
161
148
144
172
154
147
162
150
151
148
161
144
144
160
144
144
160
145
147
162
147
146
163
150
147
159
146
149
163
172
181
167
178
180
180
168
187
181
175
189
153
169
147
149
166
148
154
165
150
151
164
150
164
164
149
148
167
149
148
207
156
176
156
175
192
150
170
148
153
167
153
154
171
301
158
169
172
202
172
1218
172
171
155
158
171
156
152
160
169
153
155
201
212
156
171
153
157
172
155
156
169
157
155
170
156
154
173
155
157
211
352
163
157
172
185
175
203
191
159
203
176
156
173
158
161
169
157
157
181
155
160
172
193
165
174
157
158
175
161
160
159
214
157
160
171
158
151
176
158
160
175
174
153
204
193
197
194
215
216
189
165
163
176
161
162
162
170
157
159
180
163
157
178
164
162
177
166
165
191
165
175
176
160
158
178
160
164
176
167
168
203
184
170
170
226
169
199
182
184
165
177
163
166
177
160
163
179
161
161
180
161
163
179
165
173
177
166
166
171
196
165
164
185
165
217
224
185
219
186
164
162
181
166
167
181
171
165
187
184
168
178
164
163
162
180
266
167
181
168
165
185
163
178
194
170
374
209
198
213
236
182
167
181
167
189
180
167
162
170
185
168
175
443
168
173
198
169
168
182
169
166
182
174
215
221
215
166
219
176
204
192
220
166
179
169
169
165
180
169
167
181
166
172
182
164
168
263
168
208
215
209
203
183
175
196
203
171
193
185
169
165
165
226
170
167
177
166
166
182
164
171
181
164
168
186
173
175
216
206
180
235
175
169
180
169
167
169
181
168
170
189
162
168
188
172
168
183
168
172
190
169
168
187
191
196
193
216
214
208
243
173
404
168
166
190
184
167
172
181
170
168
185
169
166
191
168
182
185
175
183
196
196
212
251
199
172
193
189
205
182
242
178
173
211
182
173
187
175
173
188
174
220
260
195
203
255
185
174
193
173
173
191
172
254
172
185
171
175
188
175
179
190
169
184
214
177
209
220
257
203
199
178
184
188
171
168
191
174
172
190
173
176
169
183
174
174
200
210
236
257
198
193
198
170
177
193
180
169
191
173
176
201
194
172
191
176
173
176
192
176
178
212
335
245
247
193
185
198
177
173
187
172
171
189
173
172
189
180
235
198
181
196
213
247
214
192
202
180
323
196
184
186
188
178
177
188
175
174
190
178
178
189
175
178
389
185
226
209
187
195
174
189
177
174
187
177
176
195
174
174
217
172
175
189
178
203
252
225
218
214
181
176
194
173
180
174
188
180
181
188
174
215
214
186
174
193
186
227
239
253
198
195
182
194
199
202
227
198
180
176
183
190
176
177
209
222
257
272
255
195
193
174
178
197
177
178
191
179
179
194
173
177
188
225
181
225
310
203
182
194
177
179
198
179
181
190
184
181
193
201
181
222
182
191
212
195
196
192
179
177
193
177
185
178
190
180
179
193
180
177
192
179
192
261
251
281
267
254
194
218
182
183
199
186
208
214
182
181
185
196
206
230
216
245
219
219
200
185
196
185
181
197
183
179
197
221
215
200
186
190
199
238
261
233
189
199
181
199
218
181
193
180
182
192
182
182
207
228
244
246
200
221
195
179
180
194
178
176
196
180
174
188
199
181
184
194
185
262
339
267
220
240
202
195
202
180
184
198
187
177
201
187
204
226
260
290
271
250
221
198
212
211
251
242
204
188
199
224
