419
1029
2019
1356
1588
2114
1294
2562
3279
1755
3623
4215
4637
7729
8042
3132
3120
5564
5080
7753
8358
3502
6317
15388
14330
8693
4819
8711
10893
10593
5688
7942
14473
6353
18288
7830
9287
18181
7454
20898
6339
11138
23813
19310
24433
10173
10647
15898
34835
17579
15099
18376
20016
17274
13240
11241
13554
21250
13342
21678
10623
12928
24687
17578
25785
24937
11929
26341
9720
20555
25590
24036
27596
22082
23302
18392
27638
18006
31358
24801
31013
28429
29512
16062
18662
30676
23921
30927
19956
15996
30935
28273
35810
37569
20152
36955
19529
41529
36173
37014
33657
20383
20903
45008
29171
33459
34873
41130
42370
20157
27092
35281
22288
45800
24206
33811
19093
37571
74565
40784
52925
33895
60054
50960
34898
26533
49851
40720
36774
36799
54223
52639
43222
58512
40849
21992
41330
25879
75143
66459
61568
48054
40541
73473
51046
63133
56582
50801
56976
41664
59431
59936
32108
32927
67332
60010
52881
28820
61515
40735
60764
43482
37134
62908
73031
67996
62559
25436
47121
33902
33047
25049
66050
26679
72113
46198
51419
70158
32991
62609
65890
33763
58930
36357
75295
36175
42568
71371
65246
74981
33982
34165
72337
79501
30112
40752
76370
77380
74337
67446
45704
36503
34947
53407
33229
40845
44372
90464
80145
87970
75628
75775
81082
84617
79047
39185
68944
82089
73334
78368
45265
83895
83497
73135
95441
56641
98508
41970
102062
51150
95973
66005
100356
101446
102307
46650
87543
67272
111092
106453
69601
92614
55731
46406
95495
69118
111080
44660
79700
63738
73440
75937
104720
38000
82955
79941
96484
90809
64108
92014
56294
47136
99686
102673
91818
54598
94664
52197
100626
98119
92983
96826
63032
108490
108046
100618
105163
102024
53005
54552
106706
141735
62541
100234
47772
98644
56521
98647
90372
50597
96365
46328
98237
102344
69545
129268
62107
110415
80882
103847
99572
104927
57113
108180
44351
47673
85650
56177
112816
75735
85518
131895
118210
100729
125044
118590
105233
124183
121511
128990
99599
89196
120952
129569
51778
91829
120205
81291
127453
95201
139266
130950
124629
124528
60742
97098
99704
137965
121743
126900
131415
80552
76154
101415
132572
79240
137445
84982
97684
126214
113808
94254
121455
123934
100357
115063
93616
101630
73243
120632
105967
89960
137612
79818
138463
137093
133422
129353
143294
207984
153416
51184
123221
132626
96811
79861
67449
57519
134276
62480
89314
83328
59178
104641
103197
132576
88958
84651
98472
78901
109812
141322
51159
149214
99671
144751
78543
98062
153054
142625
146523
150416
157154
188181
141107
138775
148117
135329
116666
96969
123080
143817
148509
74867
93374
150032
114367
162328
140098
186025
150610
70546
142374
123033
70901
148258
92212
109805
75844
78480
161650
159206
164268
162464
147673
146164
105650
89572
185677
78657
154218
67376
149686
65927
84970
143940
108056
165249
92751
149377
82596
173861
166453
168353
177133
159110
164468
101531
104156
162310
155411
115174
159893
169322
172831
80903
77752
172824
175752
106051
105459
95857
185485
96598
182652
109599
141165
140304
107706
183695
80877
212240
196706
103077
105656
127970
87031
106884
163824
167681
73483
163483
115062
171613
164748
163361
175607
181193
172021
130886
189529
184440
83504
177670
188012
139517
191099
175862
221376
216844
124710
103943
163301
125675
194790
94483
85139
112097
100962
206729
107302
210723
167592
145516
163979
177516
183355
209554
185341
210863
90901
150457
115924
95262
85960
137922
109161
254278
212391
121396
131799
202486
113789
148662
196590
105284
89118
234108
140157
142978
213389
116683
202116
202843
134328
202183
180559
133676
103719
100400
202646
102337
174032
216670
153452
140804
187848
125834
201416
189055
197509
195252
120684
198152
150883
198035
210700
169322
192567
200276
203509
206598
131220
107724
137059
202880
218838
124751
100564
205794
92230
197890
192284
150760
205899
211128
210915
215740
213566
101099
95691
146347
110542
165858
150769
151379
189776
218697
217109
177930
128946
136553
219623
236939
221683
218675
145831
174999
217981
276586
126676
219169
135733
115865
219002
232211
165775
209981
155634
173342
230746
243030
198421
311670
159465
213784
216729
233280
178676
233903
240557
204649
156446
166832
227805
138918
226732
130416
188003
146809
238440
110532
244289
239350
239075
113351
115523
221233
166334
239001
164275
224501
122236
222655
175706
129566
184545
125071
151458
234232
127168
245664
135644
145958
181579
227776
258596
265220
237436
233890
242082
240296
245582
245927
152145
172190
97922
126207
247898
110274
111807
193091
277578
142540
213822
272780
256490
158942
257666
134938
148489
208595
264351
218670
183790
146344
244222
259238
128257
207863
261382
145856
199210
281485
207291
281883
202636
213009
283680
239409
196371
168441
264333
244713
152312
126853
262142
177721
232759
189724
143532
272272
104845
168978
208782
117020
252565
139743
256182
228407
286234
167964
271586
163563
271231
143164
137491
147195
139520
283902
278389
268402
242300
287955
130620
341359
181908
238019
278752
173122
113886
314021
184371
176113
295658
285417
254497
610702
194283
198609
155477
274163
230431
117453
284631
272675
120477
158616
289626
200601
287750
275088
120839
280150
274129
210588
285078
161667
277902
297544
163900
277635
270636
158067
220932
365038
136620
333410
285881
299076
317494
164109
210591
285161
288443
325347
279455
299841
227197
306561
221475
175342
198752
192146
304260
310534
132829
248154
293592
306396
195840
321251
362291
189657
297779
286576
299227
179545
305568
281359
169145
315223
146704
323185
138310
311615
189150
298726
213158
253409
205440
166665
306973
317618
195587
143291
352200
314612
246794
292061
224727
312842
300380
339470
283959
322484
317537
284164
192374
327666
199870
142980
170793
200083
351561
162437
347881
276990
188516
230039
333871
342626
291077
130203
322504
271927
315019
357709
170699
352840
351600
272876
336512
223860
281114
168868
226641
324904
224465
334794
190230
339400
330333
346129
357849
331401
348044
176599
342259
170501
351298
393379
249403
147784
343873
337816
177730
327472
135978
251318
324534
283958
374865
301002
307729
247574
330647
223964
245674
329862
195194
199040
330628
342540
253695
203408
286600
329632
328073
159753
214619
186437
366112
255517
332564
353388
222894
155332
261832
367169
359449
227571
349285
289644
346360
344513
230513
213667
354319
241523
258092
144458
200064
362434
203468
357800
192690
196891
329433
341353
175283
174061
338353
342465
181418
310123
361687
148895
302968
350503
168669
185193
351674
394862
379938
175017
228244
336808
190501
330511
220551
344093
288376
350033
233628
358527
340964
174967
362950
262035
364385
357755
315153
345462
214730
186757
394643
198351
261854
420801
