325
928
757
618
824
569
1417
847
3657
2286
3406
2866
1901
1524
3266
3918
6164
10930
9519
7193
3938
5411
6903
9766
4177
9445
13831
13800
7949
7017
8283
8862
5803
4895
14006
5275
11665
10089
9245
4181
7377
7945
11219
9548
11835
6995
13705
6241
14251
20663
6662
16748
18283
15726
9912
10504
7285
8227
18750
8786
14872
12388
15954
19217
18450
21211
15791
20283
8084
10448
18941
7230
15944
14517
22734
18413
24593
23655
20698
24599
20208
19850
17567
11512
26697
15456
25949
23743
21242
22309
23355
23961
23014
25362
16089
23288
31347
14885
19958
25862
12631
22261
21787
29257
11635
17384
25724
28076
16909
14956
22367
17124
18955
34034
11079
24285
31125
15307
30704
20103
24374
22894
32607
20451
27315
21613
44302
37983
34420
25909
18330
28557
36354
27436
40215
35342
24988
23779
21575
41741
20930
40983
48196
16833
17143
28829
35431
28330
44110
39475
41506
39475
19882
20482
22616
23206
16978
43959
22684
15618
24143
42793
47476
40129
44555
39126
21941
32859
18583
36286
24476
28780
23809
22674
28312
43075
49277
34416
41968
46056
49087
37808
48994
39881
56452
42944
19510
36287
40594
51954
53003
31190
39082
42806
55027
39450
34788
70357
61254
68031
36347
40518
35386
62090
34723
32718
28875
37349
57336
54347
64519
50508
49988
65671
36566
58827
59559
69433
65361
65601
48653
69974
41119
71138
28456
79810
69993
38772
41071
64766
68588
67473
72241
63450
24237
33755
44475
52236
41093
65265
35901
65589
68246
61842
59724
74794
37142
36753
43137
44383
65521
64750
68362
69539
30902
63848
42063
74632
51452
71129
69227
31855
62651
77536
52676
78451
34913
79491
186813
41506
42428
50924
48806
82621
48693
89294
94114
52871
50937
64094
60450
29288
73030
47208
33448
65927
52300
28307
48945
76485
68669
58832
71847
79580
84000
60087
34911
47690
76177
72797
38758
34712
83341
29002
83929
81280
78720
46198
58911
81166
80479
57043
80328
37418
65024
37933
80593
85605
67969
112087
90517
50593
79620
71148
91458
96819
94660
96824
62777
63297
89046
124682
118551
74765
93556
39610
56896
76911
103830
102940
86819
68792
125688
182172
90833
51378
84256
90817
37634
56441
71897
53830
77000
47607
101857
67750
93922
80188
98794
44304
118666
65067
109332
110672
116174
100717
55543
102215
96336
143493
95602
98692
76508
46238
102278
95265
106161
72932
105906
93345
118566
103690
62653
71288
104486
58610
41178
113079
78705
44399
109056
105579
46796
102997
107669
50619
108249
94636
99389
102031
43338
43148
109199
72381
108559
109217
43217
49794
107321
107237
93958
123148
102943
102021
49137
113220
109071
52830
115685
111929
88320
55881
110475
68745
79663
68910
119841
101937
113636
116484
137207
50745
51965
60197
121747
60885
90550
81262
114852
113978
110757
100579
116696
64524
85698
108497
97451
113097
108966
111639
42980
98086
58799
91414
127414
109390
59919
137214
84954
99183
126453
70995
120796
141742
108094
75281
121238
93613
125727
64497
133257
77934
104388
63334
100474
63553
70656
142358
123702
51075
123815
99628
141373
88010
127991
94518
197056
80860
113629
128222
164916
124116
94771
141853
140508
93531
130923
99988
135893
71786
140509
88740
143258
98376
129208
65967
86636
121062
96664
67055
103790
74437
128963
78907
149229
83563
134577
75640
69834
144784
90634
146003
107581
58873
144656
146385
61126
91527
152306
102343
65260
104079
141990
125255
144038
136856
116188
105614
79759
113552
148112
116576
152862
86847
66742
82646
88599
131968
156630
146829
184533
137729
144266
68430
143781
64668
104376
154626
150631
155331
130633
157375
138802
72688
125816
91111
135317
284124
128072
151104
94250
87178
130207
125745
160430
83450
94160
68619
78504
159869
155993
65449
116276
154445
145008
164869
101616
154793
142650
154682
152846
95491
111294
77913
209498
169582
161629
102632
69060
160252
110129
94290
88807
67806
107133
201361
144810
95604
92975
121452
164097
89275
77885
137176
166689
215376
176545
175014
98910
170039
156708
160684
132875
69281
173211
73971
85437
176091
167545
76949
168567
74161
160435
164650
103025
172589
114954
167441
66936
188817
171498
171445
140647
174765
119180
85588
104998
99512
178241
91907
180964
109146
172781
167810
94063
205738
178244
169056
163037
123068
125226
175948
114009
164133
178828
75794
147921
103778
124863
86469
186285
101751
181755
172770
159256
75907
183091
183302
89131
126289
181967
104758
136961
177834
145932
167585
191927
151904
172439
122556
134552
186157
139272
121256
215283
107359
94630
179906
140935
162222
193224
186698
80150
122563
178405
135680
169139
180997
178916
185028
116759
152917
198958
123466
184932
76845
93729
175162
99260
106659
188898
192474
107958
185690
126125
196250
134908
95458
100220
187060
144905
156538
191218
111378
74444
107660
198586
109269
192739
195342
169711
196755
111045
171063
178475
200516
207538
195774
197836
120567
78958
122849
200824
202690
203579
101200
100035
200922
93639
139964
203790
91544
207699
196020
225746
98550
169542
102905
109505
122838
99745
116828
202715
156186
102606
160118
231730
190558
199124
199212
205323
157089
219179
205268
203884
122437
191295
195426
215171
100268
100229
191341
143036
131810
157447
93603
197311
217699
124893
114459
205346
138071
262101
203647
203803
141312
275131
208011
211152
95772
154369
134588
199203
130943
119022
206403
96858
168893
115671
232554
143229
129605
164026
226335
176071
124259
214538
218723
129127
203088
148158
146822
103873
211231
216152
215392
161401
270338
223417
213186
215345
214654
224280
137581
223542
100147
214473
166307
157926
227885
207935
87377
127862
233833
122138
181630
235471
228652
116629
228294
222041
258171
224464
257954
118540
106511
154003
225605
135718
141568
246205
209506
245852
255470
136586
146170
128233
113642
233345
117789
237413
224753
112774
183904
182946
244170
192358
149739
173857
104712
249806
239262
254766
137694
131163
151502
162906
240390
247509
241349
235742
191341
231793
134571
231680
100187
235820
232320
224630
219589
219092
226211
223714
230917
156901
117991
279283
139015
172602
227337
121157
163498
241738
116111
135505
216568
176576
127991
185331
230526
230867
261796
238750
142327
219127
252074
254174
140313
107748
161078
239031
105350
190657
252807
125577
154686
245106
107467
155839
183575
191586
242527
188742
146186
161676
191000
137950
103545
230893
129421
197186
103352
236510
117514
177955
147517
144487
122196
257035
206874
258716
186167
271446
209405
235401
253292
94288
344773
218607
235038
211820
92304
251078
128383
199278
270281
285951
255458
200458
214996
124992
128991
116284
212047
220304
232884
281421
231016
272825
376310
