399
1438
1028
1597
3874
2036
5002
5860
3128
3645
3867
8772
17000
6824
12173
11902
12430
7191
16261
7196
3565
17248
10189
12359
17508
4905
12989
11463
15421
14196
9243
10693
6378
9042
6338
6128
12442
7443
7105
11537
15065
10968
14506
7933
8481
16035
8428
7633
17197
7116
8647
17791
9904
26821
17556
11822
9544
12047
22779
19981
25345
9933
29262
11659
29151
12380
11112
12725
26524
11714
11842
16437
12381
17828
14238
31476
29355
12407
21895
13839
15831
16241
30746
13065
24944
29563
14116
17055
30226
32877
13602
19033
15752
18985
38565
17348
22159
21881
43465
41270
18321
25631
23323
44896
22765
15932
22347
18668
40350
23142
19491
24846
44112
21650
45226
51416
20470
20010
22851
29148
27683
31532
24118
27393
21246
49832
19736
37039
25429
27438
25411
24730
24412
58804
58983
19297
58675
30339
29576
36873
28086
35012
81012
67917
58615
40534
41892
30863
56369
57596
24664
35614
67509
58897
25805
59961
62228
29014
31912
67935
39701
68855
39692
63509
65025
63021
26208
28958
67326
34069
34810
41477
80571
72580
78015
72974
67583
33485
68373
35885
26918
75770
121960
81868
67590
33320
36776
46855
70700
83620
45603
29901
35675
71872
36706
38958
72332
34098
73781
39927
39687
42522
75285
42562
38154
48205
40471
38071
49984
41309
90449
45851
47678
92153
45775
108938
48045
47679
53428
47676
48748
98718
108957
85361
38207
41705
93367
87869
39860
45134
44734
86569
44273
44443
54588
99656
96597
91121
39409
43504
45265
58970
100834
38570
42626
49582
96648
95070
43784
46671
50338
101894
103605
44654
99215
50125
105635
59753
49310
51931
48217
109675
100127
112150
62479
108301
110028
61274
64520
51859
102745
111009
58677
116649
109825
103046
77404
111390
44254
105745
55671
51302
57415
49774
107327
49327
56694
103516
105259
57307
59873
114651
116584
47531
109902
102754
116470
49084
51656
49760
114300
115847
114985
58029
111316
112734
56518
123531
66728
76282
89268
137793
116888
104224
121051
117626
53384
57652
63820
119708
63846
63147
66529
118623
61536
62516
66801
66742
56989
128833
124406
58988
133328
59648
56206
77624
62556
65800
54663
132388
125942
96749
135042
126704
134217
61476
135808
66283
68128
76275
55446
61282
138605
95682
72471
137051
75226
163315
75058
79558
72803
149255
77358
153120
76362
192328
70134
77401
68678
152686
85663
68913
55389
143431
61925
144516
69078
74870
145858
140974
146910
141972
71085
81008
81168
142323
66498
59746
64516
71537
159157
82609
162766
81579
91112
161077
73562
176337
198374
145231
67481
144681
80514
157635
77501
149616
85406
85474
78687
150295
89606
76213
150383
76253
71119
151038
183978
75952
156246
91417
97282
161667
158227
164353
96353
85407
166375
79090
88298
167999
183048
100017
176608
160555
169996
98983
197431
100374
84066
162789
159930
169503
84659
72787
79831
79443
78161
87654
103003
97894
79928
106695
92827
112669
184514
182033
94871
89500
100998
81464
178165
85510
107607
84261
104127
106224
94126
81402
102819
188015
211095
86348
90245
99886
116495
198423
110908
104060
94328
88557
91236
77702
71111
172939
95670
85048
87851
176276
97129
86379
187623
82596
173602
194254
93857
91759
174491
98490
97173
100510
112598
190349
99493
124059
110868
106387
91114
73444
79898
204028
101827
97891
87120
112654
180290
187698
117794
180356
102337
84471
99558
93847
101754
199415
188920
92929
105096
100271
207749
100888
191913
202199
203887
198300
103806
196515
200872
111069
120090
90545
101095
192918
187507
204526
101490
109744
113330
203515
120570
195397
89073
189439
196861
198581
197794
89564
202213
189796
206860
207278
306264
105713
131163
199484
113842
253391
232180
231605
217694
191752
94965
111310
111038
97255
110077
215729
119518
122172
101487
118143
206937
117266
114179
160533
240280
223404
109722
235219
228626
228088
110886
123387
110426
207467
108924
215001
223891
215803
215248
113736
138026
220749
212549
204203
112938
214864
214643
101833
145325
181656
112240
106647
119130
99464
131873
235309
220900
149347
219756
230837
112238
219391
312089
108635
108015
98012
210996
111007
102834
100375
101186
210389
103866
125013
116856
119764
116865
114536
147597
109211
239555
242304
111742
105581
127171
243374
127844
230442
124463
239153
112526
241046
140072
248211
115105
100410
154379
122593
236779
230647
233801
248455
119393
225046
105568
232041
117552
114644
113367
131631
144103
221360
241288
119024
240375
105324
253413
237842
238955
134057
232636
136976
119043
258056
123421
145527
96818
106963
112510
230678
250139
103972
111437
125901
107920
112973
113382
119837
117628
137986
234626
244057
131237
249377
127013
117189
298700
117732
261768
237078
139647
117645
245180
269237
138847
125832
116247
228954
126786
120511
259216
255034
119434
263987
131517
160370
137451
120276
150576
188371
123239
282205
291009
244247
108377
114845
133716
152801
127730
246876
127512
132811
111507
154608
256467
253051
268416
121318
135344
143137
140020
157706
134338
125528
265967
258006
112756
133984
120311
118391
105034
261037
249453
132886
93691
138998
121020
262343
124893
137499
256842
260669
265685
148084
267888
160036
134233
124722
143661
259953
277293
288067
155550
155531
147704
274345
118982
133881
148393
132680
137653
127444
150740
135654
160754
305360
137521
264907
135657
133333
258922
139480
148239
264780
280601
272695
304759
130829
287051
132400
281322
265604
158603
141285
163297
121098
285519
133217
279944
130594
141976
279817
148937
138575
126922
133866
268846
280798
286101
128775
278392
289936
143113
128995
204949
130157
124588
135964
148955
145477
159787
131442
138482
156521
269896
273479
273269
147179
145540
260925
157355
127664
287280
118362
298936
138099
155127
279131
136546
162876
291917
313467
144119
295483
143780
303877
294125
166334
175641
294283
163302
136668
130324
142168
189888
384931
218415
349471
200635
134015
137461
301161
169604
142295
333315
169815
155070
149642
166320
150324
156992
290584
148106
317628
315960
163031
159845
169119
304715
168927
147923
140024
148437
143972
136599
147788
152966
133871
148215
359332
167774
161541
399109
155184
317515
164945
146880
324950
335256
318446
337340
194781
158881
321198
188390
142051
306420
299098
166484
152173
190559
158425
150007
309928
315254
159024
336567
144921
165299
317560
317702
159838
187091
174562
170364
341520
387314
163113
183533
339555
359976
359163
342072
192108
380184
353481
174759
180433
170793
182633
155979
190928
184167
146367
360803
158467
172956
407970
189891
182027
339808
349716
156101
354372
360023
148784
201480
330523
163528
178641
159360
370451
366891
179281
177450
176348
183453
367667
208749
375088
186536
386643
198385
163419
386505
195165
375099
164478
145437
393344
