394
640
693
897
1149
1402
1524
1704
1829
2766
2546
4759
2854
2920
3136
3255
3145
4291
5545
5673
6854
4056
5265
5074
6397
4746
4667
21417
13036
13401
8618
18980
8097
8231
10892
18756
12597
8398
8198
7582
7779
9179
10659
8267
13037
8814
10779
12923
11535
12475
12377
9989
10287
10933
11191
17222
68973
24806
60423
26192
22272
13345
13961
11285
13648
15405
12800
13106
12496
15176
14186
13286
13589
14004
13826
13251
13642
16874
18220
14729
17204
16849
15407
15767
16892
16529
17215
17759
20021
16542
18232
17633
23348
18620
17301
21764
20254
22632
19926
19029
18006
21456
23614
22029
20973
23738
24298
22970
21117
27232
24799
24718
20701
29754
25045
23395
23235
27350
26571
27532
22648
22850
29381
24523
25569
23822
45619
31147
24701
25451
25580
25251
35327
26782
29916
28143
27196
30113
30651
46137
30481
28219
33022
31780
35848
30486
30977
28470
30920
33788
33738
31693
42930
44610
37866
39399
36005
43166
38346
40509
34043
36206
32498
32487
37521
37006
36504
36605
40608
34613
61181
83837
68983
56320
41800
35131
33769
37672
32934
41927
34402
35542
35483
37787
39630
36053
40640
40692
43218
40081
38978
39165
39489
42374
39778
39986
42233
36965
43899
44730
43523
42539
40087
41820
42204
45981
45637
47026
41921
65355
44384
45096
43913
47816
45306
45930
45202
49489
46869
46134
44911
46113
47828
45255
45948
46676
51764
47386
48846
47592
48020
48789
53107
51195
50281
53643
50953
60369
52163
48026
51254
52211
56024
50582
56029
50859
52283
50601
54341
53969
59682
59976
60744
60463
67586
51942
57587
68366
67021
65419
65071
59081
57684
58986
48235
60408
61946
73941
56357
55544
51028
66425
57408
52758
49846
59850
62471
55128
58658
56777
53889
59299
61198
58215
61174
56581
58778
62241
63245
63505
63770
58729
56084
60221
62153
61594
61596
56908
58993
59833
67528
79227
60158
69281
62968
67206
67482
64662
69703
71545
72024
76157
72441
75027
68163
63407
80301
80169
71498
68949
78622
76981
76638
70814
71105
82634
65464
64773
70929
65491
68235
77835
85543
72175
71503
76170
107506
70687
91266
69635
76379
67782
72135
73640
74891
65323
70482
67919
69269
72821
83674
81116
72878
87792
83454
85546
75659
81271
79976
90388
75332
78006
78610
72143
75484
77642
75119
86957
88958
88705
81879
96303
72809
79584
83837
84367
105250
81050
82227
81743
80309
88286
81519
79821
77762
84753
77235
93697
79209
99251
90928
80078
96079
95985
80816
89695
96964
94884
96408
89321
90921
93807
89249
99111
88120
94494
95043
92813
98397
88104
96866
90519
86627
86692
157224
128850
168404
98158
80310
84112
80035
83057
80140
82621
95513
98361
111539
88982
104350
88535
92920
90668
96621
95538
101271
108458
98950
135573
95085
100538
96477
96053
88405
85403
91438
87218
94821
92435
90498
93525
158252
135711
104087
88527
83898
93729
85446
98330
85944
99376
89033
104388
119078
112636
103390
111952
103864
111460
103713
112041
120735
137139
101437
102690
110800
95570
101859
102047
100785
116659
113723
135664
103662
95196
98018
100136
92263
99723
116196
112546
124486
118893
129602
106154
128878
139605
142517
105558
95457
97997
106263
107462
102304
102461
113942
108215
96252
101791
96985
112748
115885
106801
117028
108925
112157
114489
114797
114348
114995
122551
126432
109926
116290
121029
117302
104618
124451
188478
116855
110423
124704
122250
127202
108527
109550
121926
105167
101320
122788
120461
115494
115728
115497
125068
132321
121944
118347
126466
123368
124659
134291
132312
122222
126120
125625
118554
127409
135556
129839
119591
128395
119312
127832
122751
125387
131873
110307
115742
119182
118617
115415
127777
125578
122393
114936
140718
135495
116889
127867
110040
120290
128518
116409
129038
134910
125952
117976
129680
134852
136998
126716
131669
161519
140661
224831
126196
118502
118120
118772
128322
145856
143835
120997
123569
119824
127897
129012
136700
137807
147329
120198
125026
121891
126494
133670
137195
134642
135347
131043
164947
139914
140919
137689
141271
151568
152480
127056
129066
122914
132190
123945
128586
130043
126113
137774
151999
144970
141256
148741
141190
244609
182870
149550
208259
177712
120504
129931
134147
203990
147050
248325
129037
126342
122449
166810
165669
144461
133311
148857
127798
128908
117869
136697
157934
138171
152017
151010
144965
153860
153526
294610
141527
116486
142925
129205
178237
165151
150054
154031
144389
147777
169105
152740
172690
139657
148084
157308
145517
165382
152634
147670
156703
145477
150213
154941
170845
217320
146665
150502
195008
148656
162175
155630
154072
146499
175542
162209
155892
141883
154355
180180
198259
152628
135839
154011
153248
150068
147306
147472
157128
162648
148422
166679
157909
163348
154074
167352
179769
168665
154862
158469
158433
150726
156957
151270
162148
158482
177780
151107
155545
163512
157097
159677
163120
167712
155262
153351
167206
149483
158099
153930
153555
149839
140513
153327
160506
150975
165840
164334
169609
165266
154919
169149
229216
157751
156429
150229
165937
160851
168919
166858
170931
187020
192426
207264
172782
168045
169220
161156
192859
161991
163582
168586
176105
152537
170886
169295
168705
170708
169878
175004
166142
167179
162124
179301
169936
173972
156390
182259
162520
173433
163211
165568
167542
180378
167748
175157
169937
160494
173565
171600
201018
167043
174289
153790
175859
177372
167199
182683
175612
169911
177549
181150
152556
157657
164954
160140
177496
182969
171059
180937
181658
177328
179054
181186
167101
176617
187698
152292
162244
163599
190350
165719
177984
218367
295444
191771
167614
170082
184762
214434
167767
171280
177009
175348
176806
180171
193916
175824
223304
188494
175942
176029
168253
179280
185086
182782
182300
195402
173687
186119
179875
176822
181564
167933
186669
184507
198507
183207
185688
193576
176734
194715
215631
190187
189036
189695
166989
183664
183840
181373
179853
186508
186041
181757
197187
200508
190034
171670
165833
221026
189980
172292
179057
193158
181180
200246
196788
183374
185236
205988
188792
193747
188353
184636
189437
174041
192790
171535
181449
200165
188890
190105
211658
204803
198655
193451
172939
176598
176274
178504
191214
188565
194318
200449
200086
206541
193298
189834
198542
192772
199629
199467
207024
187953
195855
187672
210194
204745
184449
172428
206202
205622
196294
185199
215992
216924
198855
196497
192371
207111
206302
204482
201439
210034
222526
206874
198691
194374
191395
289635
197196
201901
219401
204836
460766
188124
207354
203281
203446
203561
195655
231179
204531
187850
205116
197099
184720
216112
196896
231887
196509
179898
218540
195237
198968
223568
192229
237822
205129
