622
679
1015
1351
1781
2025
2358
2705
6011
7334
8296
4336
5414
13612
14086
12255
13633
13768
14483
16387
7064
8339
11963
10324
8472
9652
20034
17806
12699
14167
15662
10932
11624
15165
12791
15495
14522
13311
18400
13618
16602
16404
19079
16746
18013
21706
18604
16688
21338
17641
19344
20302
19341
22040
20109
27199
21907
22032
25581
21791
22830
24459
25415
24048
27600
30047
31387
23162
28990
29381
31781
26887
29148
25787
29321
32105
28699
34299
28153
29753
30282
34031
30136
30723
34654
36693
35914
34153
35683
37138
36561
61514
37381
37820
42106
36767
38048
37249
33576
44007
35576
40129
38552
37312
40718
41321
41709
42677
43858
43507
44664
42521
47827
44659
45991
43758
80350
60778
57945
56137
50913
52150
49002
51348
48960
46652
50604
57072
53206
50976
54244
52653
50003
49927
50127
56118
52328
54997
47624
54829
57315
57589
52587
59712
72379
55832
56131
62206
92156
58555
60621
58859
59492
60698
60099
69662
60008
60999
57260
60107
60399
60945
64357
68942
64683
64137
61495
60001
71665
68113
64702
56994
72471
60856
65021
63498
62294
63889
67927
65098
64250
64159
67060
67025
70698
64347
71169
78138
72746
70658
70514
67568
69155
74707
67080
63177
69289
67002
67092
64526
75177
74003
75164
84842
94663
77542
113362
87106
88498
79598
67357
72210
75462
72414
72667
68434
70901
82182
82017
79794
74075
73613
73370
72195
72070
74211
75505
75811
113273
118822
101477
75955
88655
85053
85321
87174
77037
83734
88498
100370
99178
88691
97872
79574
113792
109226
86984
88259
88753
88125
82210
85961
87741
86878
96263
83487
94435
89555
93256
88163
82874
89870
84458
88011
82879
85243
101637
93959
94912
87231
91526
97369
87052
91225
96189
93988
93825
119686
97701
94602
92616
92422
95293
90755
100373
99998
93467
99180
99921
103615
93850
97598
96525
96696
92839
103962
97438
97547
102968
122255
118880
100541
100257
106252
104381
99216
103562
103861
121008
126256
121202
109758
98414
126068
105962
120881
93360
98195
96284
96356
110632
103010
110029
106120
111185
102104
110288
106924
110658
112215
108655
110609
108608
131529
113492
116149
110987
135654
182104
140195
111520
107875
109467
114672
106978
106430
114101
117097
115252
107714
116734
125185
164076
120333
119027
116307
121572
119847
118306
118630
116255
117785
114099
121988
131905
111622
121584
134644
123443
125421
122215
132360
125892
111516
116624
114916
116979
115509
116268
126195
125910
131620
120601
115146
110833
118986
116804
131638
134495
118312
121039
130556
119891
122720
130362
132757
126247
133876
127588
128238
133349
131967
131738
136326
191201
128992
123648
134930
131198
131872
135395
134065
134826
134352
146592
139943
145734
143793
142404
142061
140930
140169
172934
133378
145370
136875
136625
151422
154387
152897
144961
145777
152054
139649
136645
143224
140390
164468
148976
145846
147428
153058
154384
156214
155131
166175
160699
147247
151267
152722
152372
173958
149393
163900
152734
150743
232002
168854
144506
155966
148602
157585
163245
197976
178605
146111
145160
144510
154643
152943
152383
155126
153718
157039
158422
165187
159072
153672
166486
156814
158869
165974
182932
169759
165956
156780
159274
158470
170622
170015
165931
169654
172255
166352
166477
165166
171005
174039
171541
172288
167435
199395
168952
178012
173729
165007
184217
167063
169378
207967
167331
173702
196958
169325
170088
204236
202664
193801
202668
178125
168736
221514
169112
163092
162869
165690
161760
173970
178538
176020
182241
191503
177053
172787
170936
170215
171191
166102
167289
181342
180286
183318
188928
169240
171377
168537
179460
183654
196037
187161
184286
207868
186196
175767
172536
245423
220196
187059
178227
207202
187514
193365
182145
192977
229967
182806
186064
187877
181051
183906
190473
187172
185880
203404
206314
190671
185296
183500
189022
197743
188915
190467
200270
193284
192733
181285
189845
194497
185659
189535
189761
189597
184178
191479
190976
186741
189120
209113
182390
186276
186188
202107
177637
180332
185775
192290
226279
205957
199557
214655
209988
196701
202412
202390
209778
229845
199559
196158
197452
201858
215534
208988
220358
251534
195879
212382
206110
204127
256464
214984
198031
188566
202598
207792
258606
214029
236865
211599
219651
212839
215121
212068
213704
201831
212633
221179
215183
211634
208074
225086
223456
245971
198958
208267
206031
205683
206266
208313
262917
202300
207611
210787
219013
220441
226229
235134
213283
209063
206568
238447
220576
218252
235399
215247
210976
218004
220462
219525
235206
208814
222762
222434
216880
215571
239851
228412
213179
221934
213708
218090
230803
256091
226077
225085
287725
226035
218173
222675
213233
215033
241934
230151
239478
228109
221953
220760
231978
249245
220628
228046
244210
230625
224910
233485
228132
225035
230405
247816
236312
237191
228391
225467
240506
233885
228590
225212
242945
245847
242598
237695
238620
250412
230977
236667
242189
246123
237525
232768
230633
248213
249694
234353
231830
246518
321204
287178
230054
254615
258313
244144
266074
240832
262262
255256
258234
234891
242629
257343
250921
245055
244460
251872
246240
300304
249470
248916
234112
265805
238750
242866
254658
250871
246575
624526
246123
249821
309904
238928
239938
258648
241039
248039
256539
243138
239949
237963
260922
368683
255773
249640
243889
248198
242666
264370
254408
251784
336562
254134
257758
273299
266208
248435
260492
260053
265216
269729
263758
333362
272626
281875
300712
262729
256684
324828
371087
254888
266127
257312
251524
259213
340279
279988
259605
294908
305644
256214
304153
392135
302422
349023
261738
261237
273613
261907
255662
275505
275287
270391
252533
263354
277586
274616
265484
276805
266442
278173
272185
267317
260870
273779
265815
291624
271260
280947
272384
321925
352549
295648
319485
289228
274979
283088
321127
326354
262384
261537
271951
272927
341903
377721
412710
287926
271579
368313
431153
258773
263935
285527
291682
293598
296024
273903
291567
275899
338210
281517
267810
414313
305314
364131
323289
317360
526220
271843
272773
287885
277051
273870
277575
285464
308332
323508
281147
290082
449507
295010
275805
412946
324770
287678
294819
285062
285772
296231
371301
294205
284699
297103
285720
293785
310841
305545
304242
292723
294023
300436
296191
292113
287862
323164
282498
291087
305479
305743
311815
300587
297166
309088
300392
291132
303541
307946
294068
361896
297891
289620
298227
290608
306128
365844
300091
287253
298164
295905
300153
315632
307115
297679
306217
319714
309610
307570
315469
300890
337885
309302
306972
305239
326250
317333
363029
343307
296928
302559
294977
293928
310566
316421
320273
333468
359199
301105
299951
307521
327097
318559
297065
301276
308021
303738
316421
320732
307961
319430
335850
304557
429742
435100
382328
313683
